5
2 8 12 8 2 
-0.088741592261392 0.051030425744423 
-0.367677675389836 -0.072570396934414 
0.155871276568040 0.253945227383446 
0.112580722962846 -0.288680147020684 
1.341863970356417 3.546522562486636 
-0.246269701257868 0.195576654221866 
-0.293271197447094 0.048863688734574 
-1.146823109040758 -1.359376552767125 
1.254335909487876 -0.748305275295721 -1.586887590960469 -1.456849284400477 -0.443324175947741 1.441462369125510 -2.148055154940620 1.948815373364975 
1.030289594299609 1.666530004692356 -0.448902670608431 1.281241498089891 0.169305860063999 -1.113226486972312 1.372325238675273 0.303315319259066 
0.445720844913504 0.642445735991945 0.892918602905818 -0.118605362993866 0.191295962941620 0.463684579798737 1.221915576844145 -0.839536419416989 
-0.044230517440090 0.663734780931421 0.442722537717581 -0.179612534622322 0.051341423173853 -0.759153432032380 0.371150618108804 -0.401884741348892 
-0.384290547493113 -0.226367502630117 -1.200193787522792 -0.307437668677978 0.337730726673590 1.094231630694696 0.079229781457208 0.606531238513389 
-0.723673570557809 -2.265356291747649 -0.761129102012478 -0.219565580395765 -0.828900303333857 -0.316545749552514 -0.893021628450602 0.645997680066261 
-0.206609700607529 -0.057613974245452 -1.383783752192714 -0.794125683942979 -0.206843184479951 -0.666655115071461 -2.040836104526028 0.229037913017048 
0.947043171464458 0.817551242538237 -1.790102203251811 -0.925089942558864 0.169409069213451 1.288941997904161 -0.373122546329071 0.413439006076652 
1.146614788312967 0.219467227090407 -0.870568937837910 -0.500609935024711 0.150146984441625 1.306656729522456 -0.393480444635737 0.201587336510760 
-0.959867931325450 0.143928958930066 -1.029692582827303 -1.220984210026903 0.168210274643830 0.725141674607859 -0.216214458768367 -0.075073415171883 
-0.538352337092492 -0.472481233922340 0.298533420058203 -0.645045074539877 -0.240291928513547 0.575979425232220 -0.592370971627055 -0.516618089011233 
-1.057539134748503 -1.814581951113644 -0.586379231368067 -0.473190802645859 -2.684320111779100 0.637658499627748 -0.221215904812757 -2.488543262798935 
-0.450141319133611 0.745784470320107 -0.306473214075975 0.139406497113002 0.183162564849560 -0.161071189051700 -0.854242050668056 0.511409107234436 
0.017272430558963 -0.549705104890848 0.666219925615062 -0.791690038606320 0.247483279500630 -0.001931022667680 -0.373343718163565 0.583429570495910 -1.207626763967177 0.040877962745116 -1.041040490049263 0.505005496264141 
-0.008159839874952 0.087842638480797 0.574268223120233 -0.459210495172770 -0.144212440841926 -0.273194262458249 0.308284866407926 0.114573197694664 0.474314102387155 -0.171412338123031 1.160166078667309 0.579771091692740 
-0.707470074442935 -0.872152033739579 -0.147738411933722 0.665594303361607 0.238308408956245 1.983736011705254 0.247974294476654 0.016077172333188 1.013551545863658 0.553647751493958 -0.283735228621499 0.915378480914593 
0.435560938467914 -0.523724917871705 0.076469607998410 -0.429372864853014 -0.902858304667444 0.244000214817498 -1.513438965013419 0.705156290452793 -1.323267266503598 0.524137804136657 -1.794847745706524 0.427804773566694 
-2.138410740103027 -0.851866015112377 -0.968171015892692 0.958479254362410 0.466452777107240 -1.067817719198795 0.803286713842234 1.799374732339623 -0.211792423659762 0.532312339923194 0.415656205357886 -0.263159458196513 
-1.088373376374042 -1.094498015551998 -0.147942492026072 0.134926080065411 1.677620477403309 -0.313240144256445 -0.141283693662206 0.418850246334327 0.151553212187238 0.488113223697783 0.277594235141633 0.289278740207348 
-0.745782777062664 0.399565484798247 0.614969590974532 -1.667216097912909 0.890601600701225 1.082034048014487 0.683941666338351 -0.366526014657642 -1.381337967249005 -0.726063790014387 -2.178996050529097 0.533050796725767 
0.046697420068061 0.042334185760422 -0.248484603386789 -0.484417292042599 -0.045240912952878 -0.301259346375660 -0.644541993767095 -0.205402550275372 -0.179547895943104 -0.482156330152818 0.718383257824890 -0.150065560069308 
1.079053901347632 -0.203258600974320 -0.548341061795666 -0.174256552924102 0.560554973100365 -0.356314333750956 -1.105199498382966 -0.544375751690271 -0.902615518006438 -0.434412439010174 -0.811741439107371 0.561267159140217 
0.212871395054987 -0.337264012841295 -0.021428268600926 -0.530844660891721 -0.452988084194796 -0.577921627938952 -0.431280848733779 0.566526454401050 
0.585772438432619 1.769589345544653 -1.449780859223268 -2.125747195220343 -0.980357491484891 2.259480519542020 -0.669141818046280 -0.733623766008017 
0.742128456456588 -1.525608763262523 2.000955169371058 1.714131689575676 1.252076333726806 -1.563751562628519 -0.837175046002115 0.657360245872452 
0.451289917177721 0.796083335580733 
